.366_TKM Geksa 50   5  0 -18.21 -54.87 -107.81 -188.03 -289.02 -410.56 -571.55 -757.94
.366_TKM FMJ 50  4.95 0 -19.44 -56.07 -108.76 -188.41 -295.51 -425.46 -587.61 -785.82
.366_TKM AP-M 50  3.99 0 -13.08 -37.25 -74.64 -123.3 -194.36 -280.88 -382.92 -509.5
.366_TKM EKO 50  3.14 0 -11.28 -34.28 -74.67 -139.26 -229.46 -348.92 -510.08 -700.64
.45_ACP RIP 25  0 -7.82 -23.25 -49.06 -83.77 -127.19 -179.14 -245.92 -322.62 -417.38
.45_ACP HydraShok 25  0 -8.26 -26.33 -56.7 -93.6 -144.15 -210.9 -282.52 -371.76 -481.26
.45_ACP Lasermatch 25  0 -7.85 -23.36 -49.37 -84.42 -128.34 -180.97 -242.16 -319.19 -406.24
.45_ACP FMJ 25  0 -6.15 -18.24 -38.73 -66.32 -100.86 -142.21 -196.01 -257.92 -327.82
.45_ACP AP 25  0 -7.86 -23.41 -46.49 -76.97 -114.74 -165.11 -224.2 -291.88 -368.05
12.7x55mm PS12A 25  0 -9.12 -25.21 -51.54 -90.46 -139.49 -198.37 -273.56 -359.87 -465.64
12.7x55mm PS12B 25  0 -7.83 -23.29 -46.18 -76.35 -118.24 -168.77 -227.79 -302.35 -386.83
12.7x55mm PS12 50  15.91 0 -50.62 -135.36 -253.64 -404.93 -599.33 -829.26 -1108.38 -1425.61
12/70 RIP 25  0 -5.61 -18.56 -38.2 -67.59 -104.66 -158.97 -223.65 -305.03 -397.79
12/70 CSP 25  0 -3.69 -13.57 -28.95 -49.69 -79.28 -115.39 -157.9 -212.51 -274.74
12/70 Poleva-6u 25  0 -5.6 -16.74 -35.6 -64.14 -100.42 -148.97 -211.96 -285.09 -382.82
12/70 DualSabot 25  0 -4.62 -15.19 -33.57 -58.61 -94.03 -137.23 -188.04 -258.79 -332.83
12/70 Magnum 25  0 -8.18 -28.51 -62.29 -119.16 -201.75 -327.59 -509.62 -771.71 -1146.61
12/70 5.25mm 25  0 -8.72 -29.96 -65.06 -119.91 -204.51 -320.91 -489.9 -716.41 -1032.89
12/70 Express 25  0 -7 -24.43 -53.67 -104.04 -178.28 -281.33 -432.76 -637.43 -926.16
12/70 7mm 25  0 -11.08 -39.49 -98.94 -213.99 -425.02 -822.64 -1552.51 -2953.13 -5814.40
12/70 Flechette 25  0 -6.22 -20.51 -39.58 -68.08 -99.6 -141.92 -191.41 -247.99 -319.08
12/70 SFormance 50  4.92 0 -17.35 -49.52 -103.72 -181.57 -279.87 -406.45 -574.58 -759.45
12/70 .50_BMG 50  8.32 0 -24.37 -68.12 -129.69 -215.07 -320.31 -445.13 -599.67 -776.08
12/70 Grizzly_40 50  9.68 0 -33.35 -89.59 -173.68 -282.25 -431.94 -610.97 -818.78 -1081.38
12/70 FTX 50  7.79 0 -25.5 -71.71 -147.01 -246.12 -376.5 -541.95 -735.47 -981.41
12/70 AP-20 50  5.97 0 -19.14 -50.89 -103.48 -172.57 -264.71 -375.45 -504.64 -662.59
12/70 Slug 50  11.91 0 -38.25 -110.59 -219.07 -367.33 -568.67 -809.48 -1127.68 -1493.06
12/70 Poleva-3 50  10.49 0 -36.48 -102.1 -206.2 -349.53 -535.78 -768.76 -1064.96 -1418.92
20/70 Devastator 25  0 -5.93 -20.87 -49.09 -87.86 -145.62 -221.63 -324.48 -459.4 -640.75
20/70 5.6mm 25  0 -7.5 -25.82 -56.42 -105.14 -176.8 -270.43 -402.32 -581.59 -808.49
20/70 7.5mm 25  0 -5.6 -16.74 -35.6 -64.14 -100.42 -148.97 -211.96 -285.09 -382.82
20/70 7.3mm 25  0 -5.54 -19.95 -42.18 -78.64 -129.56 -196.95 -289.11 -403.85 -560.04
20/70 6.2mm 25  0 -7.04 -22.73 -48.87 -91.02 -149.22 -231 -341.38 -493.49 -687.61
20/70 Star 50  10.49 0 -33.65 -97.8 -200.4 -334.81 -518.18 -748.43 -1029.48 -1379.48
20/70 Poleva-6u 50  9.11 0 -32.14 -86.39 -172.93 -292.73 -449.54 -647.22 -889.63 -1194.38
20/70 Poleva-3 50  9.73 0 -30.28 -88.28 -176.21 -290.62 -448 -646.68 -878.78 -1170.42
23x75mm Barrikada 50  8.35 0 -29.15 -78.48 -147.46 -242.27 -366.63 -524.4 -697.69 -918.9
23x75mm Shrap-10 25  0 -12.62 -41.92 -92.59 -174.36 -302.14 -489.68 -752.36 -1151.85 -1718.80
23x75mm Shrap-25 25  0 -8.19 -28.55 -62.37 -119.31 -207.13 -334.31 -517.86 -781.74 -1158.76
5.45x39mm HP 50  2.08 0 -6.55 -17.25 -34.14 -58.48 -91.35 -134.15 -194.31 -271.95
5.45x39mm US 50  14.2 0 -45.18 -120.69 -232.62 -377.04 -553.35 -772.86 -1026.61 -1329.35
5.45x39mm SP 50  2.08 0 -6.55 -17.25 -36.58 -61.49 -94.93 -142.76 -199.69 -278.69
5.45x39mm T 50  2.08 0 -6.52 -17.13 -36.2 -60.6 -96.9 -149.18 -218.2 -301.33
5.45x39mm PS 50  2.08 0 -5.34 -17.19 -33.98 -58.11 -94.2 -137.27 -198.04 -276.61
5.45x39mm BT 50  2.08 0 -6.5 -18.85 -38.32 -65.9 -106.77 -161.55 -233.91 -327.46
5.45x39mm BS 50  2.07 0 -7.85 -21.09 -39.21 -67.94 -106.64 -157.38 -228.87 -314.42
5.45x39mm PRS 100  0 -17.34 -59.09 -136.12 -263.07 -473.4 -771.37 -1171.92 -1705.40 -2376.36
5.45x39mm FMJ 100  0 -17.34 -56.09 -127.73 -250.74 -447.23 -725.76 -1113.76 -1633.60 -2290.27
5.45x39mm 7N40 100  0 -16.65 -54.52 -124.7 -245.08 -430.49 -712.86 -1108.96 -1626.24 -2279.61
5.45x39mm BP 100  0 -17.27 -55.71 -130.5 -260.31 -461.27 -765.85 -1177.68 -1727.40 -2400.97
5.45x39mm PP 100  0 -17.28 -55.77 -130.77 -260.83 -461.97 -766.72 -1178.76 -1712.93 -2402.71
5.45x39mm PPBS 100  0 -16.78 -52.29 -119.12 -222.21 -390.42 -638.29 -987.94 -1447.35 -2031.46
5.56x45mm SSA_AP 50  1.49 0 -4.75 -14.07 -29.25 -48.74 -78.25 -120.49 -175.85 -248.28
5.56x45mm HP 50  1.78 0 -6.18 -16.42 -32.64 -55.94 -87.24 -132.14 -191.02 -273.65
5.56x45mm M856 50  2.08 0 -6.55 -17.23 -36.5 -61.31 -94.59 -142.27 -204.33 -284.36
5.56x45mm M995 50  1.49 0 -4.75 -14.07 -29.25 -48.74 -78.25 -120.49 -175.85 -248.28
5.56x45mm Warmage 100  0 -13.46 -44.46 -97.91 -182.66 -305.34 -487.22 -744.73 -1087.61 -1530.76
5.56x45mm MK_318_Mod_0 100  0 -16.73 -54.94 -122.08 -236.53 -418.27 -686.08 -1062.02 -1553.71 -2176.07
5.56x45mm MK_255_Mod_0 100  0 -13.46 -44.46 -97.91 -182.66 -305.34 -487.22 -744.73 -1087.61 -1530.76
5.56x45mm FMJ 100  0 -14.91 -48.75 -108.91 -211.73 -382.33 -636.97 -998.06 -1473.60 -2095.75
5.56x45mm M856A1 100  0 -14.97 -49.11 -110.18 -209.44 -371.92 -612.94 -954.79 -1405.65 -1997.29
5.56x45mm M855 100  0 -16.56 -56.87 -126.8 -259.57 -467.62 -773.54 -1199.55 -1768.42 -2484.74
5.56x45mm M855A1 100  0 -14.84 -51.11 -118.83 -241.53 -433.46 -727.23 -1139.87 -1678.75 -2377.19
5.7x28mm R37.F 50  4.94 0 -23.05 -70.98 -155.94 -277.11 -454.03 -690.01 -993.31 -1385.94
5.7x28mm SS198LF 50  2.42 0 -8.18 -23.63 -44.9 -81.43 -127.37 -193.81 -274.71 -385.23
5.7x28mm R37.X 50  5.03 0 -23.09 -74.61 -156.13 -283.96 -454.41 -690.5 -993.92 -1386.68
5.7x28mm SS197SR 50  4.45 0 -16.89 -48.5 -97.82 -168.19 -256.59 -378.41 -522.98 -700.6
5.7x28mm SS190 50  3.16 0 -10.34 -29.28 -58.38 -103.92 -167.03 -251.25 -360.17 -488.81
5.7x28mm L191 100  0 -16.56 -56.87 -126.8 -259.57 -467.62 -773.54 -1199.55 -1768.42 -2484.74
5.7x28mm SB193 100  15.03 0 -49.18 -131.52 -246.1 -409.3 -610.01 -859.55 -1148.42 -1491.71
7.62x25mm FMJ43 25  0 -5.6 -16.73 -35.57 -64.08 -104.32 -153.55 -217.21 -297.51 -389.21
7.62x25mm LRNPC 50  11.17 0 -37.38 -108.62 -215.79 -362.52 -552.49 -800.76 -1103.42 -1464.28
7.62x25mm LRN 50  11.13 0 -37.58 -104.96 -205.69 -335.89 -513.07 -735.09 -1006.03 -1344.37
7.62x25mm AKBS 50  9.76 0 -35.7 -96.23 -192.14 -324.26 -496.32 -712.08 -987.81 -1318.49
7.62x25mm P 50  9.77 0 -32.89 -96.18 -192.02 -316.7 -495.99 -711.6 -974.85 -1303.58
7.62x25mm PT 50  10.49 0 -33.67 -97.87 -194.7 -327.75 -509.78 -738.82 -1018.82 -1353.67
7.62x25mm Pst 50  9.77 0 -32.88 -96.15 -191.95 -323.91 -495.75 -711.22 -986.57 -1316.79
7.62x35mm V-Max 50  2.76 0 -8.67 -25.01 -47.72 -83.4 -127.32 -184.65 -264.49 -358.76
7.62x35mm BCP_FMJ 50  3.99 0 -14.79 -39.63 -77.65 -131.6 -204.6 -293.13 -405.23 -544.44
7.62x35mm M62 50  7.71 0 -25.86 -69.29 -134.85 -219.73 -331.23 -473.12 -638.82 -828.05
7.62x35mm AP 50  3.54 0 -12.56 -33.46 -68.79 -115.02 -177.52 -259.47 -364.25 -486.65
7.62x35mm Whisper 100  0 -17.57 -54.41 -124.11 -226.51 -390.88 -629.68 -941.83 -1362.87 -1898.37
7.62x39mm HP 50  2.77 0 -8.61 -22.59 -46.87 -81.47 -128.36 -190.41 -271 -366.25
7.62x39mm T-45M1 50  3.16 0 -10.32 -29.21 -58.21 -103.61 -166.59 -250.67 -359.43 -487.88
7.62x39mm US 50  15.03 0 -42.73 -122.61 -228.96 -373.03 -549.22 -768.86 -1023.01 -1326.49
7.62x39mm BP 50  2.76 0 -10.07 -26.86 -52.55 -88.74 -137.69 -207.86 -292.62 -399.92
7.62x39mm PS 50  3.16 0 -10.46 -27.55 -56.6 -98.07 -154.72 -229.87 -326.97 -441.37
7.62x39mm MAI_AP 50  2.76 0 -10.07 -26.86 -52.55 -88.74 -137.69 -207.86 -292.62 -399.92
7.62x51mm Ultra_Nosler 100  0 -17.68 -58.08 -126.11 -236.9 -391.55 -621.62 -931.52 -1322.32 -1833.88
7.62x51mm BCP_FMJ 100  0 -17.73 -55.25 -118.54 -211.78 -353.16 -544.28 -820.36 -1170.67 -1618.24
7.62x51mm M80 100  0 -17.58 -60.63 -128.38 -243.56 -414.49 -661.87 -1007.25 -1443.83 -1995.90
7.62x51mm M62 100  0 -19.46 -63.64 -140.91 -266.13 -453.45 -724.03 -1086.96 -1556.89 -2148.61
7.62x51mm M61 100  0 -17.6 -54.58 -120.47 -227.93 -385.72 -613.4 -920.98 -1336.87 -1850.58
7.62x51mm M993 100  0 -15.05 -52.43 -115.63 -218.01 -377.06 -610.41 -939.8 -1387.31 -1942.27
7.62x51mm TCW_SP 100  0 -18.33 -59.47 -128.27 -240.25 -404.26 -629.85 -943.14 -1351.58 -1869.93
7.62x54mm_R T-46M 50  2.42 0 -6.92 -19.98 -40.72 -67.23 -106.7 -158.36 -219.47 -303.53
7.62x54mm_R PS 100  0 -15.77 -51.5 -111.99 -211.32 -356.25 -564.8 -858.06 -1257.71 -1754.44
7.62x54mm_R LPS 100  0 -15.75 -54.39 -119.9 -221.07 -376.02 -600.32 -915.5 -1329.71 -1841.53
7.62x54mm_R BT 100 0 -15.74 -51.35 -115.6 -215.33 -368.09 -589.49 -890.08 -1298.05 -1819.53
7.62x54mm_R SNB 100 0 -15.77 -51.5 -111.99 -211.32 -356.25 -564.8 -858.06 -1257.71 -1754.44
7.62x54mm_R BS 100 0 -18.42 -63.24 -134.45 -244.38 -403.87 -629.95 -931.66 -1309.81 -1804.05
9x18mm PSV 25 0 -8.26 -26.35 -53.56 -89.67 -139.41 -199.43 -269.5 -349.46 -447.72
9x18mm SP7 25 0 -4.61 -15.14 -33.45 -58.37 -93.6 -141.27 -192.5 -263.64 -345.08
9x18mm SP8 25 0 -10.1 -34.42 -67.97 -116.44 -182.47 -262.12 -362.65 -478.02 -617.63
9x18mm RG028 25 0 -7.33 -20.1 -41.28 -69.46 -108.78 -156.36 -218 -282.32 -362
9x18mm PPe 25 0 -7.78 -25.18 -51.46 -86.35 -134.39 -192.26 -259.74 -344.05 -447.68
9x18mm PPT 25 0 -7.79 -23.09 -48.6 -82.83 -125.53 -182.06 -248.35 -324.23 -417.69
9x18mm PRS 25 0 -7.79 -23.07 -48.54 -82.69 -125.3 -181.69 -247.8 -330.79 -424.87
9x18mm PS_PPO 25 0 -7.33 -20.09 -41.25 -69.4 -108.68 -156.19 -217.75 -288.82 -369.2
9x18mm PstM 25 0 -4.63 -13.64 -31.42 -52.92 -83.39 -120.37 -168.94 -225.24 -295.95
9x18mm PSO 25 0 -6.53 -20.94 -45.4 -74.81 -115.48 -169.7 -233.61 -306.99 -397.64
9x18mm BZhT 25 0 -6.47 -20.64 -44.55 -80.41 -125.93 -180.79 -250.99 -338.86 -438.63
9x18mm P 25 0 -7.79 -23.07 -48.54 -82.69 -125.3 -181.69 -247.8 -330.79 -424.87
9x18mm Pst 25 0 -7.79 -25.21 -48.52 -82.65 -129.93 -187.12 -254 -337.77 -432.54
9x18mm PBM 25 0 -4.18 -12.52 -29.15 -52.27 -85.34 -125.98 -179.2 -241.11 -325.18
9x19mm RIP 25 0 -5.67 -17.04 -36.37 -65.69 -98.94 -148.18 -206.64 -274.08 -357.67
9x19mm QuakeMaker 25 0 -7.84 -25.51 -49.28 -84.23 -128 -180.43 -247.9 -318 -404.58
9x19mm PSO 25 0 -6.15 -18.24 -38.73 -66.32 -100.86 -142.21 -196.01 -257.92 -327.82
9x19mm T 25 0 -5.02 -16.23 -35.58 -61.87 -94.92 -134.6 -186.3 -252.25 -320.3
9x19mm Pst 25 0 -4.58 -15.03 -30.83 -54.82 -88.98 -130.85 -185.56 -249.12 -328.32
9x19mm PBP 25 0 -3.28 -12.35 -28.76 -51.54 -87.75 -132.89 -186.67 -261.02 -346.68
9x19mm Luger_CCI 50 9.77 0 -35.73 -96.36 -192.47 -324.92 -497.46 -713.88 -978.18 -1308.31
9x19mm AP_6.3 50 11.16 0 -37.36 -104.06 -209.57 -346.94 -533.6 -778.41 -1064.86 -1435.27
9x21mm BT 25 0 -4.63 -15.26 -33.76 -55.85 -90.76 -128.96 -184.17 -242.32 -314.84
9x21mm PS 25 0 -4.63 -15.26 -33.76 -55.85 -90.76 -128.96 -184.17 -242.32 -314.84
9x21mm PE 50 10.49 0 -36.47 -102.04 -200.12 -341.77 -526.32 -757.62 -1052.09 -1404.37
9x21mm P 50 9.75 0 -35.79 -96.59 -193.03 -318.61 -490.33 -706.22 -970.3 -1286.59
9x39mm SPP 25 0 -6.59 -21.25 -40.59 -72.95 -109.71 -153.59 -210.57 -276.09 -350.03
9x39mm SP-5 50 15.91 0 -46.97 -129.53 -245.29 -402.35 -594.9 -822.35 -1098.13 -1427.03
9x39mm PAB-9 50 13.37 0 -37.86 -104.37 -203.74 -332.34 -489.7 -686.53 -914.46 -1173.06
9x39mm BP 50 15.02 0 -46.14 -122.79 -236.19 -382.39 -571.14 -795.09 -1053.74 -1362.12
9x39mm SP-6 50 14.19 0 -41.94 -116.01 -220.02 -361.75 -535.78 -741.61 -978.81 -1261.94
4.6x30mm Action_SX 50 3.57 0 -12.01 -38.95 -82.37 -145.84 -232.9 -347.14 -492.27 -672.09
4.6x30mm Subsonic_SX 50 15.91 0 -47.08 -124.81 -239.54 -387.32 -578.04 -804.33 -1065.69 -1361.67
4.6x30mm FMJ_SX 50 4.45 0 -14.94 -42.33 -88.73 -150.75 -240.73 -350.95 -490.08 -651.68
4.6x30mm AP_SX 50 3.98 0 -15.68 -48.23 -100.3 -180.71 -283.57 -424.62 -602.31 -820.49
